7602852762562
7639739152790
171144368018084255
7815157587803
7677582326326
7673158145219
7653034178114
144122770253861279
7679076076980
306252356839199135
369302751622386079
7643219958677
7671716477238
7602852679206
7639738966830
396324350563315359
7677582256314
7815157545168
7673158212798
7653035195592
387317151308574367
7679076243892
189158767856012818
225187564874976786
7643219877072
7671716520092
7842268398625
7666321880897
180151567272825247
7867382306977
7783083700635
7679082851354
7655054762738
153129969508602271
7679200497523
315259556093940127
378309950877127071
7655438234589
7679089646800
9500000010306
9500000020306
9500000040106
9500000080406
9500000080306
9500000020506
9500000080506
9500000030206
9500000040506
9500000060106
9500000070406
9500000050206
9500000050406
